{
 "cells": [
  {
   "cell_type": "code",
   "execution_count": 1,
   "metadata": {},
   "outputs": [],
   "source": [
    "import pandas as pd\n",
    "import numpy as np\n",
    "import matplotlib.pyplot as plt\n",
    "import seaborn as sns\n",
    "from matplotlib import ticker as mticker\n",
    "from matplotlib.patches import Patch"
   ]
  },
  {
   "cell_type": "markdown",
   "metadata": {},
   "source": [
    "### Prepare data"
   ]
  },
  {
   "cell_type": "code",
   "execution_count": 2,
   "metadata": {},
   "outputs": [],
   "source": [
    "# ================== 随机森林 ==================\n",
    "rf_data = {\n",
    "    \"Lag\": [0,1,2,3,4],\n",
    "    \"Train_MSE\": [40.44,46.84,32.77,40.51,41.92],\n",
    "    \"Test_MSE\": [80.83,82.18,69.90,78.64,81.87],\n",
    "    \"Train_MAPE\": [0.05,0.06,0.05,0.05,0.06],\n",
    "    \"Test_MAPE\": [0.07,0.08,0.07,0.07,0.07],\n",
    "    \"Train_MAE\": [4.49,4.95,4.05,4.51,4.70],\n",
    "    \"Test_MAE\": [5.97,6.56,5.98,6.11,6.29],\n",
    "    \"Train_R2\": [0.69,0.60,0.72,0.66,0.64],\n",
    "    \"Test_R2\": [0.41,0.34,0.44,0.37,0.35],\n",
    "    \"Features\": [\n",
    "        ['HGVs_3_or_4_articulated_axle','HGVs_6_articulated_axle','HGVs_2_rigid_axle','HGVs_4_or_more_rigid_axle']\n",
    "    ]*5\n",
    "}\n",
    "rf_df = pd.DataFrame(rf_data)\n",
    "rf_df[\"Model\"] = \"RandomForest\"\n",
    "\n",
    "# ================== DNN ==================\n",
    "dnn_data = {\n",
    "    \"Lag\": [0,1,2,3,4],\n",
    "    \"Train_MSE\": [76.56,70.84,70.86,69.66,70.52],\n",
    "    \"Test_MSE\": [80.33,75.54,76.54,73.91,75.00],\n",
    "    \"Train_MAPE\": [0.0693,0.0675,0.0678,0.0665,0.0676],\n",
    "    \"Test_MAPE\": [0.0717,0.0694,0.0699,0.0681,0.0695],\n",
    "    \"Train_MAE\": [6.1294,5.9948,6.0474,5.9639,6.0117],\n",
    "    \"Test_MAE\": [6.3324,6.1774,6.2435,6.0987,6.1770],\n",
    "    \"Train_R2\": [0.578,0.5745,0.5745,0.5818,0.577],\n",
    "    \"Test_R2\": [0.5604,0.5517,0.5435,0.5637,0.5552],\n",
    "    \"Features\": [\n",
    "        ['HGVs_3_or_4_articulated_axle','HGVs_6_articulated_axle','HGVs_2_rigid_axle','buses_and_coaches','LGVs','HGVs_4_or_more_rigid_axle']\n",
    "    ]*5\n",
    "}\n",
    "dnn_df = pd.DataFrame(dnn_data)\n",
    "dnn_df[\"Model\"] = \"DNN\"\n",
    "\n",
    "# ================== K近邻 ==================\n",
    "knn_features = [\n",
    "    ['HGVs_3_or_4_articulated_axle','HGVs_6_articulated_axle','HGVs_2_rigid_axle','local_authority_name_encoded','HGVs_4_or_more_rigid_axle','LGVs'],\n",
    "    ['HGVs_3_or_4_articulated_axle','HGVs_6_articulated_axle','HGVs_2_rigid_axle','local_authority_name_encoded','LGVs','HGVs_4_or_more_rigid_axle','pedal_cycles'],\n",
    "    ['HGVs_3_or_4_articulated_axle','HGVs_6_articulated_axle','HGVs_2_rigid_axle','LGVs','HGVs_4_or_more_rigid_axle','local_authority_name_encoded','pedal_cycles'],\n",
    "    ['HGVs_3_or_4_articulated_axle','HGVs_6_articulated_axle','HGVs_2_rigid_axle','local_authority_name_encoded','HGVs_4_or_more_rigid_axle','LGVs'],\n",
    "    ['HGVs_3_or_4_articulated_axle','HGVs_6_articulated_axle','HGVs_2_rigid_axle','local_authority_name_encoded','LGVs','HGVs_4_or_more_rigid_axle']\n",
    "]\n",
    "\n",
    "knn_data = {\n",
    "    \"Lag\": [0,1,2,3,4],\n",
    "    \"Train_MSE\": [26.26,25.76,25.21,23.63,23.05],\n",
    "    \"Test_MSE\": [49.58,46.63,37.80,47.95,48.98],\n",
    "    \"Train_MAPE\": [0.0449,0.0465,0.046,0.0438,0.0437],\n",
    "    \"Test_MAPE\": [0.064,0.0595,0.0585,0.0605,0.0605],\n",
    "    \"Train_MAE\": [3.7624,3.8823,3.8226,3.6366,3.6524],\n",
    "    \"Test_MAE\": [5.4079,5.0865,4.9068,5.1256,5.148],\n",
    "    \"Train_R2\": [0.8029,0.7832,0.7879,0.8011,0.806],\n",
    "    \"Test_R2\": [0.622,0.6096,0.6835,0.5985,0.5898],\n",
    "    \"Features\": knn_features\n",
    "}\n",
    "knn_df = pd.DataFrame(knn_data)\n",
    "knn_df[\"Model\"] = \"KNN\"\n",
    "\n",
    "# ================== XGBoost ==================\n",
    "xgb_data = {\n",
    "    \"Lag\": [0,1,2,3,4],\n",
    "    \"Train_MSE\": [2.70,2.89,2.67,2.55,2.64],\n",
    "    \"Test_MSE\": [52.51,49.53,40.12,49.90,51.53],\n",
    "    \"Train_MAPE\": [0.0145,0.0146,0.0142,0.014,0.014],\n",
    "    \"Test_MAPE\": [0.0573,0.0499,0.0516,0.0536,0.0541],\n",
    "    \"Train_MAE\": [1.20,1.22,1.19,1.17,1.17],\n",
    "    \"Test_MAE\": [4.84,4.36,4.42,4.58,4.67],\n",
    "    \"Train_R2\": [0.98,0.98,0.98,0.98,0.98],\n",
    "    \"Test_R2\": [0.60,0.59,0.66,0.58,0.57],\n",
    "    \"Features\": [\n",
    "        ['HGVs_3_or_4_articulated_axle','HGVs_6_articulated_axle','HGVs_2_rigid_axle','buses_and_coaches','LGVs','HGVs_4_or_more_rigid_axle']\n",
    "    ]*5\n",
    "}\n",
    "xgb_df = pd.DataFrame(xgb_data)\n",
    "xgb_df[\"Model\"] = \"XGBoost\"\n",
    "\n",
    "# ================== 贝叶斯回归 ==================\n",
    "bayesian_df = {\n",
    "    \"Lag\": [0,1,2,3,4],\n",
    "    \"Train_MSE\": [110.07, 111.73, 105.42, 105.87, 107.1],\n",
    "    \"Test_MSE\": [122.54, 122.45, 95.28, 95.62, 99.73],\n",
    "    \"Train_MAPE\": [0.10, 0.10, 0.09, 0.09, 0.09],\n",
    "    \"Test_MAPE\": [0.10, 0.10, 0.09, 0.09, 0.09],\n",
    "    \"Train_MAE\": [8.05, 8.08, 7.82, 7.85, 7.9],\n",
    "    \"Test_MAE\": [8.15, 8.15, 7.5, 7.59, 7.76],\n",
    "    \"Train_R2\": [0.39, 0.381, 0.361, 0.358, 0.351],\n",
    "    \"Test_R2\": [0.334, 0.334, 0.443, 0.441, 0.417],\n",
    "    \"Features\": [\n",
    "        ['two_wheeled_motor_vehicles', 'cars_and_taxis', 'buses_and_coaches', \n",
    "                 'HGVs_2_rigid_axle', 'HGVs_3_rigid_axle', 'HGVs_3_or_4_articulated_axle', 'HGVs_5_articulated_axle', 'HGVs_6_articulated_axle',\n",
    "                 'all_HGVs', 'all_motor_vehicles']\n",
    "    ]*5\n",
    "}\n",
    "bayesian_df = pd.DataFrame(bayesian_df)\n",
    "bayesian_df[\"Model\"] = \"BayesianRidge\"\n",
    "\n",
    "# ================== 合并所有数据 ==================\n",
    "full_combined = pd.concat([rf_df, dnn_df, knn_df, xgb_df, bayesian_df], ignore_index=True)\n"
   ]
  },
  {
   "cell_type": "code",
   "execution_count": 3,
   "metadata": {},
   "outputs": [],
   "source": [
    "\n",
    "# ================== 解析线性模型数据 ==================\n",
    "linear_data = []\n",
    "features_dict = {\n",
    "    0: ['HGVs_5_articulated_axle', 'two_wheeled_motor_vehicles', 'pedal_cycles'],\n",
    "    1: ['HGVs_5_articulated_axle', 'two_wheeled_motor_vehicles', 'pedal_cycles', 'buses_and_coaches'],\n",
    "    2: ['HGVs_6_articulated_axle', 'two_wheeled_motor_vehicles', 'pedal_cycles', 'buses_and_coaches'],\n",
    "    3: ['HGVs_6_articulated_axle', 'two_wheeled_motor_vehicles', 'pedal_cycles', 'HGVs_5_articulated_axle'],\n",
    "    4: ['HGVs_5_articulated_axle', 'two_wheeled_motor_vehicles', 'pedal_cycles', 'HGVs_6_articulated_axle']\n",
    "}\n",
    "\n",
    "# 定义lag数据字典\n",
    "lag_dict = {\n",
    "    0: {\n",
    "        'ElasticNet': {'Train_MAE': 10.356243, 'Train_MSE': 167.173441, 'Train_MAPE': 9.636528, 'Test_MAE': 10.211706, 'Test_MSE': 171.967342, 'Test_MAPE': 11.801680, 'Test_R2': 0.065629, 'Train_R2': 0.277268},\n",
    "        'Ridge': {'Train_MAE': 10.354652, 'Train_MSE': 167.161008, 'Train_MAPE': 9.633315, 'Test_MAE': 10.209916, 'Test_MSE': 171.972896, 'Test_MAPE': 11.789997, 'Test_R2': 0.065599, 'Train_R2': 0.277397},\n",
    "        'HuberRegressor': {'Train_MAE': 10.346808, 'Train_MSE': 167.186588, 'Train_MAPE': 10.879871, 'Test_MAE': 10.189935, 'Test_MSE': 172.004739, 'Test_MAPE': 11.731443, 'Test_R2': 0.065426, 'Train_R2': 0.219986}\n",
    "    },\n",
    "    1: {\n",
    "        'Ridge': {'Train_MAE': 9.546057, 'Train_MSE': 145.286695, 'Train_MAPE': 10.962564, 'Test_MAE': 9.806309, 'Test_MSE': 148.200222, 'Test_MAPE': 11.792153, 'Test_R2': 0.133640, 'Train_R2': 0.222754},\n",
    "        'ElasticNet': {'Train_MAE': 9.546728, 'Train_MSE': 145.290482, 'Train_MAPE': 10.977140, 'Test_MAE': 9.807754, 'Test_MSE': 148.237992, 'Test_MAPE': 11.807524, 'Test_R2': 0.133419, 'Train_R2': 0.222128},\n",
    "        'HuberRegressor': {'Train_MAE': 9.535648, 'Train_MSE': 145.537942, 'Train_MAPE': 10.886236, 'Test_MAE': 9.810154, 'Test_MSE': 148.741745, 'Test_MAPE': 11.697456, 'Test_R2': 0.130475, 'Train_R2': 0.221812}\n",
    "    },\n",
    "    2: {\n",
    "        'Ridge': {'Train_MAE': 9.801117, 'Train_MSE': 152.736995, 'Train_MAPE': 10.431238, 'Test_MAE': 10.139066, 'Test_MSE': 157.616919, 'Test_MAPE': 11.255638, 'Test_R2': 0.078591, 'Train_R2': 0.270129},\n",
    "        'ElasticNet': {'Train_MAE': 9.802303, 'Train_MSE': 152.743337, 'Train_MAPE': 10.431926, 'Test_MAE': 10.140291, 'Test_MSE': 157.662447, 'Test_MAPE': 11.255997, 'Test_R2': 0.078325, 'Train_R2': 0.270126},\n",
    "        'HuberRegressor': {'Train_MAE': 9.799081, 'Train_MSE': 152.739739, 'Train_MAPE': 10.347405, 'Test_MAE': 10.144221, 'Test_MSE': 157.694927, 'Test_MAPE': 11.076411, 'Test_R2': 0.078135, 'Train_R2': 0.266931}\n",
    "    },\n",
    "    3: {\n",
    "        'Ridge': {'Train_MAE': 9.018259, 'Train_MSE': 132.739741, 'Train_MAPE': 10.207088, 'Test_MAE': 9.469678, 'Test_MSE': 139.218193, 'Test_MAPE': 11.102577, 'Test_R2': 0.186148, 'Train_R2': 0.279720},\n",
    "        'ElasticNet': {'Train_MAE': 9.019081, 'Train_MSE': 132.745234, 'Train_MAPE': 10.207279, 'Test_MAE': 9.471385, 'Test_MSE': 139.262335, 'Test_MAPE': 11.103290, 'Test_R2': 0.185890, 'Train_R2': 0.279718},\n",
    "        'HuberRegressor': {'Train_MAE': 9.004187, 'Train_MSE': 133.028284, 'Train_MAPE': 10.167523, 'Test_MAE': 9.491881, 'Test_MSE': 140.207012, 'Test_MAPE': 10.875791, 'Test_R2': 0.180368, 'Train_R2': 0.275953}\n",
    "    },\n",
    "    4: {\n",
    "        'Ridge': {'Train_MAE': 9.034370, 'Train_MSE': 133.010379, 'Train_MAPE': 9.633315, 'Test_MAE': 9.474463, 'Test_MSE': 140.066504, 'Test_MAPE': 10.810463, 'Test_R2': 0.181189, 'Train_R2': 0.277397},\n",
    "        'ElasticNet': {'Train_MAE': 9.037221, 'Train_MSE': 133.035219, 'Train_MAPE': 9.636528, 'Test_MAE': 9.480327, 'Test_MSE': 140.248533, 'Test_MAPE': 10.811376, 'Test_R2': 0.180125, 'Train_R2': 0.277268},\n",
    "        'HuberRegressor': {'Train_MAE': 9.026354, 'Train_MSE': 133.279846, 'Train_MAPE': 9.537341, 'Test_MAE': 9.486530, 'Test_MSE': 141.036481, 'Test_MAPE': 10.741072, 'Test_R2': 0.175519, 'Train_R2': 0.272465}\n",
    "    }\n",
    "}\n",
    "\n",
    "# 构建线性模型DataFrame\n",
    "for lag in range(5):\n",
    "    for model in ['ElasticNet', 'Ridge', 'HuberRegressor']:\n",
    "        data = {\n",
    "            \"Model\": model,\n",
    "            \"Lag\": lag,\n",
    "            \"Train_MAE\": lag_dict[lag][model]['Train_MAE'],\n",
    "            \"Train_MSE\": lag_dict[lag][model]['Train_MSE'],\n",
    "            \"Test_MAE\": lag_dict[lag][model]['Test_MAE'],\n",
    "            \"Test_MSE\": lag_dict[lag][model]['Test_MSE'],\n",
    "            \"Test_R2\": lag_dict[lag][model]['Test_R2'],\n",
    "            \"Features\": [features_dict[lag]],\n",
    "            \"Train_MAPE\": lag_dict[lag][model]['Train_MAPE'],\n",
    "            \"Test_MAPE\": lag_dict[lag][model]['Test_MAPE'], \n",
    "            \"Train_R2\": lag_dict[lag][model]['Train_R2'],\n",
    "        }\n",
    "        linear_data.append(pd.DataFrame([data]))\n",
    "\n",
    "linear_df = pd.concat(linear_data, ignore_index=True)\n",
    "\n",
    "\n",
    "# ================== 合并到现有数据 ==================\n",
    "# 确保列顺序一致\n",
    "column_order = [\n",
    "    'Model', 'Lag', 'Train_MSE', 'Test_MSE',\n",
    "    'Train_MAE', 'Test_MAE', 'Train_MAPE',\n",
    "    'Test_MAPE', 'Train_R2', 'Test_R2', 'Features'\n",
    "]\n",
    "\n",
    "# 合并数据\n",
    "full_combined = pd.concat([full_combined[column_order], linear_df[column_order]], ignore_index=True)\n",
    "\n",
    "# ================== 验证数据 ==================\n",
    "# print(\"合并后的数据维度:\", full_combined.shape)\n",
    "# print(\"\\n模型分布:\\n\", full_combined['Model'].value_counts())\n",
    "# print(\"\\nLag=3的示例数据:\\n\", full_combined[full_combined.Lag == 3].head(2))"
   ]
  },
  {
   "cell_type": "code",
   "execution_count": 22,
   "metadata": {},
   "outputs": [
    {
     "data": {
      "text/html": [
       "<div>\n",
       "<style scoped>\n",
       "    .dataframe tbody tr th:only-of-type {\n",
       "        vertical-align: middle;\n",
       "    }\n",
       "\n",
       "    .dataframe tbody tr th {\n",
       "        vertical-align: top;\n",
       "    }\n",
       "\n",
       "    .dataframe thead th {\n",
       "        text-align: right;\n",
       "    }\n",
       "</style>\n",
       "<table border=\"1\" class=\"dataframe\">\n",
       "  <thead>\n",
       "    <tr style=\"text-align: right;\">\n",
       "      <th></th>\n",
       "      <th>Model</th>\n",
       "      <th>Lag</th>\n",
       "      <th>Test_MSE</th>\n",
       "      <th>Test_MAPE</th>\n",
       "      <th>Test_MAE</th>\n",
       "      <th>Test_R2</th>\n",
       "    </tr>\n",
       "  </thead>\n",
       "  <tbody>\n",
       "    <tr>\n",
       "      <th>12</th>\n",
       "      <td>KNN</td>\n",
       "      <td>2</td>\n",
       "      <td>37.800000</td>\n",
       "      <td>0.058500</td>\n",
       "      <td>4.906800</td>\n",
       "      <td>0.683500</td>\n",
       "    </tr>\n",
       "    <tr>\n",
       "      <th>17</th>\n",
       "      <td>XGBoost</td>\n",
       "      <td>2</td>\n",
       "      <td>40.120000</td>\n",
       "      <td>0.051600</td>\n",
       "      <td>4.420000</td>\n",
       "      <td>0.660000</td>\n",
       "    </tr>\n",
       "    <tr>\n",
       "      <th>2</th>\n",
       "      <td>RandomForest</td>\n",
       "      <td>2</td>\n",
       "      <td>69.900000</td>\n",
       "      <td>0.070000</td>\n",
       "      <td>5.980000</td>\n",
       "      <td>0.440000</td>\n",
       "    </tr>\n",
       "    <tr>\n",
       "      <th>8</th>\n",
       "      <td>DNN</td>\n",
       "      <td>3</td>\n",
       "      <td>73.910000</td>\n",
       "      <td>0.068100</td>\n",
       "      <td>6.098700</td>\n",
       "      <td>0.563700</td>\n",
       "    </tr>\n",
       "    <tr>\n",
       "      <th>22</th>\n",
       "      <td>BayesianRidge</td>\n",
       "      <td>2</td>\n",
       "      <td>95.280000</td>\n",
       "      <td>0.090000</td>\n",
       "      <td>7.500000</td>\n",
       "      <td>0.443000</td>\n",
       "    </tr>\n",
       "    <tr>\n",
       "      <th>35</th>\n",
       "      <td>Ridge</td>\n",
       "      <td>3</td>\n",
       "      <td>139.218193</td>\n",
       "      <td>11.102577</td>\n",
       "      <td>9.469678</td>\n",
       "      <td>0.186148</td>\n",
       "    </tr>\n",
       "    <tr>\n",
       "      <th>34</th>\n",
       "      <td>ElasticNet</td>\n",
       "      <td>3</td>\n",
       "      <td>139.262335</td>\n",
       "      <td>11.103290</td>\n",
       "      <td>9.471385</td>\n",
       "      <td>0.185890</td>\n",
       "    </tr>\n",
       "    <tr>\n",
       "      <th>36</th>\n",
       "      <td>HuberRegressor</td>\n",
       "      <td>3</td>\n",
       "      <td>140.207012</td>\n",
       "      <td>10.875791</td>\n",
       "      <td>9.491881</td>\n",
       "      <td>0.180368</td>\n",
       "    </tr>\n",
       "  </tbody>\n",
       "</table>\n",
       "</div>"
      ],
      "text/plain": [
       "             Model  Lag    Test_MSE  Test_MAPE  Test_MAE   Test_R2\n",
       "12             KNN    2   37.800000   0.058500  4.906800  0.683500\n",
       "17         XGBoost    2   40.120000   0.051600  4.420000  0.660000\n",
       "2     RandomForest    2   69.900000   0.070000  5.980000  0.440000\n",
       "8              DNN    3   73.910000   0.068100  6.098700  0.563700\n",
       "22   BayesianRidge    2   95.280000   0.090000  7.500000  0.443000\n",
       "35           Ridge    3  139.218193  11.102577  9.469678  0.186148\n",
       "34      ElasticNet    3  139.262335  11.103290  9.471385  0.185890\n",
       "36  HuberRegressor    3  140.207012  10.875791  9.491881  0.180368"
      ]
     },
     "execution_count": 22,
     "metadata": {},
     "output_type": "execute_result"
    }
   ],
   "source": [
    "# 筛选每个模型在Lag 0-4中Test MSE最小（最佳表现）的行\n",
    "min_test_mse = full_combined.groupby('Model')['Test_MSE'].idxmin()  # 关键修改点：idxmax() → idxmin()\n",
    "subset = full_combined.loc[min_test_mse]\n",
    "\n",
    "# 按Test MSE升序排序（最佳表现中相对更好的排前面）\n",
    "subset = subset.sort_values(by='Test_MSE', ascending=True)\n",
    "\n",
    "# only model, lag, test mse, test mape, test mae, test r2\n",
    "subset = subset[['Model', 'Lag', 'Test_MSE', 'Test_MAPE', 'Test_MAE', 'Test_R2']]\n",
    "\n",
    "subset\n"
   ]
  },
  {
   "cell_type": "code",
   "execution_count": 26,
   "metadata": {},
   "outputs": [
    {
     "data": {
      "text/html": [
       "<div>\n",
       "<style scoped>\n",
       "    .dataframe tbody tr th:only-of-type {\n",
       "        vertical-align: middle;\n",
       "    }\n",
       "\n",
       "    .dataframe tbody tr th {\n",
       "        vertical-align: top;\n",
       "    }\n",
       "\n",
       "    .dataframe thead th {\n",
       "        text-align: right;\n",
       "    }\n",
       "</style>\n",
       "<table border=\"1\" class=\"dataframe\">\n",
       "  <thead>\n",
       "    <tr style=\"text-align: right;\">\n",
       "      <th></th>\n",
       "      <th>Model</th>\n",
       "      <th>Lag</th>\n",
       "      <th>Test_R2</th>\n",
       "      <th>Test_MSE</th>\n",
       "      <th>Test_MAPE</th>\n",
       "      <th>Test_MAE</th>\n",
       "    </tr>\n",
       "  </thead>\n",
       "  <tbody>\n",
       "    <tr>\n",
       "      <th>12</th>\n",
       "      <td>KNN</td>\n",
       "      <td>2</td>\n",
       "      <td>0.683500</td>\n",
       "      <td>37.800000</td>\n",
       "      <td>0.058500</td>\n",
       "      <td>4.906800</td>\n",
       "    </tr>\n",
       "    <tr>\n",
       "      <th>17</th>\n",
       "      <td>XGBoost</td>\n",
       "      <td>2</td>\n",
       "      <td>0.660000</td>\n",
       "      <td>40.120000</td>\n",
       "      <td>0.051600</td>\n",
       "      <td>4.420000</td>\n",
       "    </tr>\n",
       "    <tr>\n",
       "      <th>8</th>\n",
       "      <td>DNN</td>\n",
       "      <td>3</td>\n",
       "      <td>0.563700</td>\n",
       "      <td>73.910000</td>\n",
       "      <td>0.068100</td>\n",
       "      <td>6.098700</td>\n",
       "    </tr>\n",
       "    <tr>\n",
       "      <th>22</th>\n",
       "      <td>BayesianRidge</td>\n",
       "      <td>2</td>\n",
       "      <td>0.443000</td>\n",
       "      <td>95.280000</td>\n",
       "      <td>0.090000</td>\n",
       "      <td>7.500000</td>\n",
       "    </tr>\n",
       "    <tr>\n",
       "      <th>2</th>\n",
       "      <td>RandomForest</td>\n",
       "      <td>2</td>\n",
       "      <td>0.440000</td>\n",
       "      <td>69.900000</td>\n",
       "      <td>0.070000</td>\n",
       "      <td>5.980000</td>\n",
       "    </tr>\n",
       "    <tr>\n",
       "      <th>35</th>\n",
       "      <td>Ridge</td>\n",
       "      <td>3</td>\n",
       "      <td>0.186148</td>\n",
       "      <td>139.218193</td>\n",
       "      <td>11.102577</td>\n",
       "      <td>9.469678</td>\n",
       "    </tr>\n",
       "    <tr>\n",
       "      <th>34</th>\n",
       "      <td>ElasticNet</td>\n",
       "      <td>3</td>\n",
       "      <td>0.185890</td>\n",
       "      <td>139.262335</td>\n",
       "      <td>11.103290</td>\n",
       "      <td>9.471385</td>\n",
       "    </tr>\n",
       "    <tr>\n",
       "      <th>36</th>\n",
       "      <td>HuberRegressor</td>\n",
       "      <td>3</td>\n",
       "      <td>0.180368</td>\n",
       "      <td>140.207012</td>\n",
       "      <td>10.875791</td>\n",
       "      <td>9.491881</td>\n",
       "    </tr>\n",
       "  </tbody>\n",
       "</table>\n",
       "</div>"
      ],
      "text/plain": [
       "             Model  Lag   Test_R2    Test_MSE  Test_MAPE  Test_MAE\n",
       "12             KNN    2  0.683500   37.800000   0.058500  4.906800\n",
       "17         XGBoost    2  0.660000   40.120000   0.051600  4.420000\n",
       "8              DNN    3  0.563700   73.910000   0.068100  6.098700\n",
       "22   BayesianRidge    2  0.443000   95.280000   0.090000  7.500000\n",
       "2     RandomForest    2  0.440000   69.900000   0.070000  5.980000\n",
       "35           Ridge    3  0.186148  139.218193  11.102577  9.469678\n",
       "34      ElasticNet    3  0.185890  139.262335  11.103290  9.471385\n",
       "36  HuberRegressor    3  0.180368  140.207012  10.875791  9.491881"
      ]
     },
     "execution_count": 26,
     "metadata": {},
     "output_type": "execute_result"
    }
   ],
   "source": [
    "min_test_r2 = full_combined.groupby('Model')['Test_R2'].idxmin() \n",
    "subset_r2 = full_combined.loc[min_test_r2]\n",
    "\n",
    "subset_r2 = subset.sort_values(by='Test_R2', ascending=False)\n",
    "\n",
    "# only model, lag, test mse, test mape, test mae, test r2\n",
    "subset_r2 = subset_r2[['Model', 'Lag', 'Test_R2', 'Test_MSE', 'Test_MAPE', 'Test_MAE']]\n",
    "\n",
    "subset_r2"
   ]
  },
  {
   "cell_type": "code",
   "execution_count": 28,
   "metadata": {},
   "outputs": [
    {
     "data": {
      "text/html": [
       "<div>\n",
       "<style scoped>\n",
       "    .dataframe tbody tr th:only-of-type {\n",
       "        vertical-align: middle;\n",
       "    }\n",
       "\n",
       "    .dataframe tbody tr th {\n",
       "        vertical-align: top;\n",
       "    }\n",
       "\n",
       "    .dataframe thead th {\n",
       "        text-align: right;\n",
       "    }\n",
       "</style>\n",
       "<table border=\"1\" class=\"dataframe\">\n",
       "  <thead>\n",
       "    <tr style=\"text-align: right;\">\n",
       "      <th></th>\n",
       "      <th>Model</th>\n",
       "      <th>Lag</th>\n",
       "      <th>Test_MAE</th>\n",
       "      <th>Test_R2</th>\n",
       "      <th>Test_MSE</th>\n",
       "      <th>Test_MAPE</th>\n",
       "    </tr>\n",
       "  </thead>\n",
       "  <tbody>\n",
       "    <tr>\n",
       "      <th>17</th>\n",
       "      <td>XGBoost</td>\n",
       "      <td>2</td>\n",
       "      <td>4.420000</td>\n",
       "      <td>0.660000</td>\n",
       "      <td>40.120000</td>\n",
       "      <td>0.051600</td>\n",
       "    </tr>\n",
       "    <tr>\n",
       "      <th>12</th>\n",
       "      <td>KNN</td>\n",
       "      <td>2</td>\n",
       "      <td>4.906800</td>\n",
       "      <td>0.683500</td>\n",
       "      <td>37.800000</td>\n",
       "      <td>0.058500</td>\n",
       "    </tr>\n",
       "    <tr>\n",
       "      <th>2</th>\n",
       "      <td>RandomForest</td>\n",
       "      <td>2</td>\n",
       "      <td>5.980000</td>\n",
       "      <td>0.440000</td>\n",
       "      <td>69.900000</td>\n",
       "      <td>0.070000</td>\n",
       "    </tr>\n",
       "    <tr>\n",
       "      <th>8</th>\n",
       "      <td>DNN</td>\n",
       "      <td>3</td>\n",
       "      <td>6.098700</td>\n",
       "      <td>0.563700</td>\n",
       "      <td>73.910000</td>\n",
       "      <td>0.068100</td>\n",
       "    </tr>\n",
       "    <tr>\n",
       "      <th>22</th>\n",
       "      <td>BayesianRidge</td>\n",
       "      <td>2</td>\n",
       "      <td>7.500000</td>\n",
       "      <td>0.443000</td>\n",
       "      <td>95.280000</td>\n",
       "      <td>0.090000</td>\n",
       "    </tr>\n",
       "    <tr>\n",
       "      <th>35</th>\n",
       "      <td>Ridge</td>\n",
       "      <td>3</td>\n",
       "      <td>9.469678</td>\n",
       "      <td>0.186148</td>\n",
       "      <td>139.218193</td>\n",
       "      <td>11.102577</td>\n",
       "    </tr>\n",
       "    <tr>\n",
       "      <th>34</th>\n",
       "      <td>ElasticNet</td>\n",
       "      <td>3</td>\n",
       "      <td>9.471385</td>\n",
       "      <td>0.185890</td>\n",
       "      <td>139.262335</td>\n",
       "      <td>11.103290</td>\n",
       "    </tr>\n",
       "    <tr>\n",
       "      <th>36</th>\n",
       "      <td>HuberRegressor</td>\n",
       "      <td>3</td>\n",
       "      <td>9.491881</td>\n",
       "      <td>0.180368</td>\n",
       "      <td>140.207012</td>\n",
       "      <td>10.875791</td>\n",
       "    </tr>\n",
       "  </tbody>\n",
       "</table>\n",
       "</div>"
      ],
      "text/plain": [
       "             Model  Lag  Test_MAE   Test_R2    Test_MSE  Test_MAPE\n",
       "17         XGBoost    2  4.420000  0.660000   40.120000   0.051600\n",
       "12             KNN    2  4.906800  0.683500   37.800000   0.058500\n",
       "2     RandomForest    2  5.980000  0.440000   69.900000   0.070000\n",
       "8              DNN    3  6.098700  0.563700   73.910000   0.068100\n",
       "22   BayesianRidge    2  7.500000  0.443000   95.280000   0.090000\n",
       "35           Ridge    3  9.469678  0.186148  139.218193  11.102577\n",
       "34      ElasticNet    3  9.471385  0.185890  139.262335  11.103290\n",
       "36  HuberRegressor    3  9.491881  0.180368  140.207012  10.875791"
      ]
     },
     "execution_count": 28,
     "metadata": {},
     "output_type": "execute_result"
    }
   ],
   "source": [
    "min_test_mae = full_combined.groupby('Model')['Test_MAE'].idxmin() \n",
    "subset_mae = full_combined.loc[min_test_mae]\n",
    "\n",
    "subset_mae = subset.sort_values(by='Test_MAE', ascending=True)\n",
    "\n",
    "# only model, lag, test mse, test mape, test mae, test r2\n",
    "subset_mae = subset_mae[['Model', 'Lag', 'Test_MAE', 'Test_R2', 'Test_MSE', 'Test_MAPE']]\n",
    "\n",
    "subset_mae"
   ]
  },
  {
   "cell_type": "code",
   "execution_count": 29,
   "metadata": {},
   "outputs": [
    {
     "data": {
      "text/html": [
       "<div>\n",
       "<style scoped>\n",
       "    .dataframe tbody tr th:only-of-type {\n",
       "        vertical-align: middle;\n",
       "    }\n",
       "\n",
       "    .dataframe tbody tr th {\n",
       "        vertical-align: top;\n",
       "    }\n",
       "\n",
       "    .dataframe thead th {\n",
       "        text-align: right;\n",
       "    }\n",
       "</style>\n",
       "<table border=\"1\" class=\"dataframe\">\n",
       "  <thead>\n",
       "    <tr style=\"text-align: right;\">\n",
       "      <th></th>\n",
       "      <th>Model</th>\n",
       "      <th>Lag</th>\n",
       "      <th>Test_MAE</th>\n",
       "      <th>Test_R2</th>\n",
       "      <th>Test_MSE</th>\n",
       "      <th>Test_MAPE</th>\n",
       "    </tr>\n",
       "  </thead>\n",
       "  <tbody>\n",
       "    <tr>\n",
       "      <th>17</th>\n",
       "      <td>XGBoost</td>\n",
       "      <td>2</td>\n",
       "      <td>4.420000</td>\n",
       "      <td>0.660000</td>\n",
       "      <td>40.120000</td>\n",
       "      <td>0.051600</td>\n",
       "    </tr>\n",
       "    <tr>\n",
       "      <th>12</th>\n",
       "      <td>KNN</td>\n",
       "      <td>2</td>\n",
       "      <td>4.906800</td>\n",
       "      <td>0.683500</td>\n",
       "      <td>37.800000</td>\n",
       "      <td>0.058500</td>\n",
       "    </tr>\n",
       "    <tr>\n",
       "      <th>8</th>\n",
       "      <td>DNN</td>\n",
       "      <td>3</td>\n",
       "      <td>6.098700</td>\n",
       "      <td>0.563700</td>\n",
       "      <td>73.910000</td>\n",
       "      <td>0.068100</td>\n",
       "    </tr>\n",
       "    <tr>\n",
       "      <th>2</th>\n",
       "      <td>RandomForest</td>\n",
       "      <td>2</td>\n",
       "      <td>5.980000</td>\n",
       "      <td>0.440000</td>\n",
       "      <td>69.900000</td>\n",
       "      <td>0.070000</td>\n",
       "    </tr>\n",
       "    <tr>\n",
       "      <th>22</th>\n",
       "      <td>BayesianRidge</td>\n",
       "      <td>2</td>\n",
       "      <td>7.500000</td>\n",
       "      <td>0.443000</td>\n",
       "      <td>95.280000</td>\n",
       "      <td>0.090000</td>\n",
       "    </tr>\n",
       "    <tr>\n",
       "      <th>36</th>\n",
       "      <td>HuberRegressor</td>\n",
       "      <td>3</td>\n",
       "      <td>9.491881</td>\n",
       "      <td>0.180368</td>\n",
       "      <td>140.207012</td>\n",
       "      <td>10.875791</td>\n",
       "    </tr>\n",
       "    <tr>\n",
       "      <th>35</th>\n",
       "      <td>Ridge</td>\n",
       "      <td>3</td>\n",
       "      <td>9.469678</td>\n",
       "      <td>0.186148</td>\n",
       "      <td>139.218193</td>\n",
       "      <td>11.102577</td>\n",
       "    </tr>\n",
       "    <tr>\n",
       "      <th>34</th>\n",
       "      <td>ElasticNet</td>\n",
       "      <td>3</td>\n",
       "      <td>9.471385</td>\n",
       "      <td>0.185890</td>\n",
       "      <td>139.262335</td>\n",
       "      <td>11.103290</td>\n",
       "    </tr>\n",
       "  </tbody>\n",
       "</table>\n",
       "</div>"
      ],
      "text/plain": [
       "             Model  Lag  Test_MAE   Test_R2    Test_MSE  Test_MAPE\n",
       "17         XGBoost    2  4.420000  0.660000   40.120000   0.051600\n",
       "12             KNN    2  4.906800  0.683500   37.800000   0.058500\n",
       "8              DNN    3  6.098700  0.563700   73.910000   0.068100\n",
       "2     RandomForest    2  5.980000  0.440000   69.900000   0.070000\n",
       "22   BayesianRidge    2  7.500000  0.443000   95.280000   0.090000\n",
       "36  HuberRegressor    3  9.491881  0.180368  140.207012  10.875791\n",
       "35           Ridge    3  9.469678  0.186148  139.218193  11.102577\n",
       "34      ElasticNet    3  9.471385  0.185890  139.262335  11.103290"
      ]
     },
     "execution_count": 29,
     "metadata": {},
     "output_type": "execute_result"
    }
   ],
   "source": [
    "min_test_mape = full_combined.groupby('Model')['Test_MAPE'].idxmin() \n",
    "subset_mape = full_combined.loc[min_test_mape]\n",
    "\n",
    "subset_mape = subset.sort_values(by='Test_MAPE', ascending=True)\n",
    "\n",
    "# only model, lag, test mse, test mape, test mae, test r2\n",
    "subset_mape = subset_mape[['Model', 'Lag', 'Test_MAE', 'Test_R2', 'Test_MSE', 'Test_MAPE']]\n",
    "\n",
    "subset_mape"
   ]
  },
  {
   "cell_type": "code",
   "execution_count": 5,
   "metadata": {},
   "outputs": [
    {
     "name": "stdout",
     "output_type": "stream",
     "text": [
      "['RandomForest' 'DNN' 'KNN' 'XGBoost' 'BayesianRidge' 'ElasticNet' 'Ridge'\n",
      " 'HuberRegressor']\n"
     ]
    }
   ],
   "source": [
    "# models in full_combined\n",
    "print(full_combined['Model'].unique())"
   ]
  },
  {
   "cell_type": "code",
   "execution_count": 6,
   "metadata": {},
   "outputs": [
    {
     "data": {
      "text/html": [
       "<div>\n",
       "<style scoped>\n",
       "    .dataframe tbody tr th:only-of-type {\n",
       "        vertical-align: middle;\n",
       "    }\n",
       "\n",
       "    .dataframe tbody tr th {\n",
       "        vertical-align: top;\n",
       "    }\n",
       "\n",
       "    .dataframe thead th {\n",
       "        text-align: right;\n",
       "    }\n",
       "</style>\n",
       "<table border=\"1\" class=\"dataframe\">\n",
       "  <thead>\n",
       "    <tr style=\"text-align: right;\">\n",
       "      <th></th>\n",
       "      <th>Model</th>\n",
       "      <th>Lag</th>\n",
       "      <th>Train_MSE</th>\n",
       "      <th>Test_MSE</th>\n",
       "      <th>Train_MAE</th>\n",
       "      <th>Test_MAE</th>\n",
       "      <th>Train_MAPE</th>\n",
       "      <th>Test_MAPE</th>\n",
       "      <th>Train_R2</th>\n",
       "      <th>Test_R2</th>\n",
       "    </tr>\n",
       "  </thead>\n",
       "  <tbody>\n",
       "    <tr>\n",
       "      <th>0</th>\n",
       "      <td>RandomForest</td>\n",
       "      <td>0</td>\n",
       "      <td>40.440000</td>\n",
       "      <td>80.830000</td>\n",
       "      <td>4.490000</td>\n",
       "      <td>5.970000</td>\n",
       "      <td>0.050000</td>\n",
       "      <td>0.070000</td>\n",
       "      <td>0.690000</td>\n",
       "      <td>0.410000</td>\n",
       "    </tr>\n",
       "    <tr>\n",
       "      <th>1</th>\n",
       "      <td>RandomForest</td>\n",
       "      <td>1</td>\n",
       "      <td>46.840000</td>\n",
       "      <td>82.180000</td>\n",
       "      <td>4.950000</td>\n",
       "      <td>6.560000</td>\n",
       "      <td>0.060000</td>\n",
       "      <td>0.080000</td>\n",
       "      <td>0.600000</td>\n",
       "      <td>0.340000</td>\n",
       "    </tr>\n",
       "    <tr>\n",
       "      <th>2</th>\n",
       "      <td>RandomForest</td>\n",
       "      <td>2</td>\n",
       "      <td>32.770000</td>\n",
       "      <td>69.900000</td>\n",
       "      <td>4.050000</td>\n",
       "      <td>5.980000</td>\n",
       "      <td>0.050000</td>\n",
       "      <td>0.070000</td>\n",
       "      <td>0.720000</td>\n",
       "      <td>0.440000</td>\n",
       "    </tr>\n",
       "    <tr>\n",
       "      <th>3</th>\n",
       "      <td>RandomForest</td>\n",
       "      <td>3</td>\n",
       "      <td>40.510000</td>\n",
       "      <td>78.640000</td>\n",
       "      <td>4.510000</td>\n",
       "      <td>6.110000</td>\n",
       "      <td>0.050000</td>\n",
       "      <td>0.070000</td>\n",
       "      <td>0.660000</td>\n",
       "      <td>0.370000</td>\n",
       "    </tr>\n",
       "    <tr>\n",
       "      <th>4</th>\n",
       "      <td>RandomForest</td>\n",
       "      <td>4</td>\n",
       "      <td>41.920000</td>\n",
       "      <td>81.870000</td>\n",
       "      <td>4.700000</td>\n",
       "      <td>6.290000</td>\n",
       "      <td>0.060000</td>\n",
       "      <td>0.070000</td>\n",
       "      <td>0.640000</td>\n",
       "      <td>0.350000</td>\n",
       "    </tr>\n",
       "    <tr>\n",
       "      <th>5</th>\n",
       "      <td>DNN</td>\n",
       "      <td>0</td>\n",
       "      <td>76.560000</td>\n",
       "      <td>80.330000</td>\n",
       "      <td>6.129400</td>\n",
       "      <td>6.332400</td>\n",
       "      <td>0.069300</td>\n",
       "      <td>0.071700</td>\n",
       "      <td>0.578000</td>\n",
       "      <td>0.560400</td>\n",
       "    </tr>\n",
       "    <tr>\n",
       "      <th>6</th>\n",
       "      <td>DNN</td>\n",
       "      <td>1</td>\n",
       "      <td>70.840000</td>\n",
       "      <td>75.540000</td>\n",
       "      <td>5.994800</td>\n",
       "      <td>6.177400</td>\n",
       "      <td>0.067500</td>\n",
       "      <td>0.069400</td>\n",
       "      <td>0.574500</td>\n",
       "      <td>0.551700</td>\n",
       "    </tr>\n",
       "    <tr>\n",
       "      <th>7</th>\n",
       "      <td>DNN</td>\n",
       "      <td>2</td>\n",
       "      <td>70.860000</td>\n",
       "      <td>76.540000</td>\n",
       "      <td>6.047400</td>\n",
       "      <td>6.243500</td>\n",
       "      <td>0.067800</td>\n",
       "      <td>0.069900</td>\n",
       "      <td>0.574500</td>\n",
       "      <td>0.543500</td>\n",
       "    </tr>\n",
       "    <tr>\n",
       "      <th>8</th>\n",
       "      <td>DNN</td>\n",
       "      <td>3</td>\n",
       "      <td>69.660000</td>\n",
       "      <td>73.910000</td>\n",
       "      <td>5.963900</td>\n",
       "      <td>6.098700</td>\n",
       "      <td>0.066500</td>\n",
       "      <td>0.068100</td>\n",
       "      <td>0.581800</td>\n",
       "      <td>0.563700</td>\n",
       "    </tr>\n",
       "    <tr>\n",
       "      <th>9</th>\n",
       "      <td>DNN</td>\n",
       "      <td>4</td>\n",
       "      <td>70.520000</td>\n",
       "      <td>75.000000</td>\n",
       "      <td>6.011700</td>\n",
       "      <td>6.177000</td>\n",
       "      <td>0.067600</td>\n",
       "      <td>0.069500</td>\n",
       "      <td>0.577000</td>\n",
       "      <td>0.555200</td>\n",
       "    </tr>\n",
       "    <tr>\n",
       "      <th>10</th>\n",
       "      <td>KNN</td>\n",
       "      <td>0</td>\n",
       "      <td>26.260000</td>\n",
       "      <td>49.580000</td>\n",
       "      <td>3.762400</td>\n",
       "      <td>5.407900</td>\n",
       "      <td>0.044900</td>\n",
       "      <td>0.064000</td>\n",
       "      <td>0.802900</td>\n",
       "      <td>0.622000</td>\n",
       "    </tr>\n",
       "    <tr>\n",
       "      <th>11</th>\n",
       "      <td>KNN</td>\n",
       "      <td>1</td>\n",
       "      <td>25.760000</td>\n",
       "      <td>46.630000</td>\n",
       "      <td>3.882300</td>\n",
       "      <td>5.086500</td>\n",
       "      <td>0.046500</td>\n",
       "      <td>0.059500</td>\n",
       "      <td>0.783200</td>\n",
       "      <td>0.609600</td>\n",
       "    </tr>\n",
       "    <tr>\n",
       "      <th>12</th>\n",
       "      <td>KNN</td>\n",
       "      <td>2</td>\n",
       "      <td>25.210000</td>\n",
       "      <td>37.800000</td>\n",
       "      <td>3.822600</td>\n",
       "      <td>4.906800</td>\n",
       "      <td>0.046000</td>\n",
       "      <td>0.058500</td>\n",
       "      <td>0.787900</td>\n",
       "      <td>0.683500</td>\n",
       "    </tr>\n",
       "    <tr>\n",
       "      <th>13</th>\n",
       "      <td>KNN</td>\n",
       "      <td>3</td>\n",
       "      <td>23.630000</td>\n",
       "      <td>47.950000</td>\n",
       "      <td>3.636600</td>\n",
       "      <td>5.125600</td>\n",
       "      <td>0.043800</td>\n",
       "      <td>0.060500</td>\n",
       "      <td>0.801100</td>\n",
       "      <td>0.598500</td>\n",
       "    </tr>\n",
       "    <tr>\n",
       "      <th>14</th>\n",
       "      <td>KNN</td>\n",
       "      <td>4</td>\n",
       "      <td>23.050000</td>\n",
       "      <td>48.980000</td>\n",
       "      <td>3.652400</td>\n",
       "      <td>5.148000</td>\n",
       "      <td>0.043700</td>\n",
       "      <td>0.060500</td>\n",
       "      <td>0.806000</td>\n",
       "      <td>0.589800</td>\n",
       "    </tr>\n",
       "    <tr>\n",
       "      <th>15</th>\n",
       "      <td>XGBoost</td>\n",
       "      <td>0</td>\n",
       "      <td>2.700000</td>\n",
       "      <td>52.510000</td>\n",
       "      <td>1.200000</td>\n",
       "      <td>4.840000</td>\n",
       "      <td>0.014500</td>\n",
       "      <td>0.057300</td>\n",
       "      <td>0.980000</td>\n",
       "      <td>0.600000</td>\n",
       "    </tr>\n",
       "    <tr>\n",
       "      <th>16</th>\n",
       "      <td>XGBoost</td>\n",
       "      <td>1</td>\n",
       "      <td>2.890000</td>\n",
       "      <td>49.530000</td>\n",
       "      <td>1.220000</td>\n",
       "      <td>4.360000</td>\n",
       "      <td>0.014600</td>\n",
       "      <td>0.049900</td>\n",
       "      <td>0.980000</td>\n",
       "      <td>0.590000</td>\n",
       "    </tr>\n",
       "    <tr>\n",
       "      <th>17</th>\n",
       "      <td>XGBoost</td>\n",
       "      <td>2</td>\n",
       "      <td>2.670000</td>\n",
       "      <td>40.120000</td>\n",
       "      <td>1.190000</td>\n",
       "      <td>4.420000</td>\n",
       "      <td>0.014200</td>\n",
       "      <td>0.051600</td>\n",
       "      <td>0.980000</td>\n",
       "      <td>0.660000</td>\n",
       "    </tr>\n",
       "    <tr>\n",
       "      <th>18</th>\n",
       "      <td>XGBoost</td>\n",
       "      <td>3</td>\n",
       "      <td>2.550000</td>\n",
       "      <td>49.900000</td>\n",
       "      <td>1.170000</td>\n",
       "      <td>4.580000</td>\n",
